,A,V,I,L,M,F,W,Y,H,K,R,D,E,N,Q,S,T,G,P,C
A,-22,-11,-10,-5,-1,11,19,14,21,15,12,22,17,13,13,8,2,-12,10,16
V,-11,-29,-20,-16,-3,-4,9,5,24,20,29,42,32,37,25,26,12,18,10,22
I,-10,-20,-28,-19,-8,-8,6,-5,26,18,22,41,26,42,26,30,12,29,12,23
L,-5,-16,-19,-28,-8,-11,-8,-8,14,19,16,44,27,40,12,31,19,34,22,22
M,-1,-3,-8,-8,-31,-19,-12,-20,7,13,17,26,17,16,5,20,16,14,2,13
F,11,-4,-8,-11,-19,-41,-26,-24,3,19,16,31,18,21,14,19,24,23,-3,10
W,19,9,6,-8,-12,-26,-40,-24,-13,9,-13,7,5,11,3,12,25,18,-32,16
Y,14,5,-5,-8,-20,-24,-24,-20,-8,-7,2,13,11,8,3,16,24,18,-17,13
H,21,24,26,14,7,3,-13,-8,-48,7,-12,-41,-30,-20,-7,-16,-3,-3,-5,-18
K,15,20,18,19,13,19,9,-7,7,4,31,-72,-78,-20,-24,-12,-11,6,11,22
R,12,29,22,16,17,16,-13,2,-12,31,9,-68,-73,-11,-18,-14,-9,-1,-17,21
D,22,42,41,44,26,31,7,13,-41,-72,-68,-20,-6,-50,-24,-38,-27,-24,-2,37
E,17,32,26,27,17,18,5,11,-30,-78,-73,-6,-4,-31,-17,-27,-18,8,-14,38
N,13,37,42,40,16,21,11,8,-20,-20,-11,-50,-31,-46,-26,-36,-29,-30,-12,20
Q,13,25,26,12,5,14,3,3,-7,-24,-18,-24,-17,-26,-34,-20,-19,-9,-7,12
S,8,26,30,31,20,19,12,16,-16,-12,-14,-38,-27,-36,-20,-31,-22,-26,-13,1
T,2,12,12,19,16,24,25,24,-3,-11,-9,-27,-18,-29,-19,-22,-20,-19,-8,12
G,-12,18,29,34,14,23,18,18,-3,6,-1,-24,8,-30,-9,-26,-19,-52,-8,2
P,10,10,12,22,2,-3,-32,-17,-5,11,-17,-2,-14,-12,-7,-13,-8,-8,-16,-3
C,16,22,23,22,13,10,16,13,-18,22,21,37,38,20,12,1,12,2,-3,-178